17
41
42
46
50
54
58
77
86
87
88
89
90
91
92
93
94
95
97
98
99
100
101
102
103
104
105
113
114
115
122
123
124
125
126
130
131
132
133
134
135
136
137
138
141
146
149
150
151
152
155
156
157
184
192
527
734
741
746
761
784
786
788
806
807
808
813
823
836
842
855
875
876
877
883
894
898
900
901
902
903
905
906
907
908
909
913
917
930
931
941
945
948
951
956
958
960
964
965
966
967
968
973
974
975
976
980
985
986
989
992
994
996
997
1004
1014
1016
1018
1020
1021
1022
1023
1024
1025
1026
1027
1028
1029
1030
1031
1032
1033
1034
1035
1036
1037
1038
1041
1042
1043
1044
1046
1047
1048
1049
1052
1053
1057
1058
1061
1063
1072
1078
1084
1085
1086
1087
1088
1089
1090
1091
1092
1093
1095
1096
1099
1100
1101
1102
1105
1108
1109
1111
1112
1115
1119
1122
1123
1124
1125
1128
1133
1134
1136
1138
1139
1141
1144
1146
1149
1150
1151
1157
1162
1163
1164
1165
1166
1167
1170
1174
1176
1184
1186
1189
1192
1193
1199
1216
1222
1224
1228
1229
1231
1232
1238
1239
1243
1244
1245
1246
1250
1253
1255
1258
1259
1266
1267
1268
1269
1272
1279
1281
1298
1311
1312
1313
1321
1323
1324
1328
1332
1334
1339
1341
1350
1352
1354
1356
1363
1371
1379
1385
1386
1392
1397
1398
1400
1402
1403
1424
1432
1435
1444
1450
1472
1492
1500
1508
1527
1533
1534
1535
1536
1544
1545
1554
1559
1567
1568
1571
1574
1588
1589
1591
1597
1599
1603
1612
1619
1622
1623
1638
1641
1648
1649
1651
1654
1655
1657
1658
1663
1672
1676
1681
1684
1689
1690
1691
1692
1693
1694
1695
1698
1699
1700
1704
1719
1724
1736
1851
1854
1877
1882
1886
1912
1914
1915
1918
1924
1940
1948
1950
1960
1963
1969
1977
1995
1999
2002
2003
2012
2016
2038
2045
2050
2056
2060
2071
2103
2104
2106
2107
2115
2128
2170
2189
2191
2206
2255
2273
2275
2305
2306
2322
2323
2363
2377
2404
2405
2410
2412
2413
2415
2441
2442
2443
2444
2460
2461
2462
2478
2481
2482
2483
2484
2485
2486
2487
2496
2497
2498
2513
2514
2517
2518
2554
2556
2573
2574
2588
2599
2600
2602
2638
2647
2655
2664
2668
2669
2688
2755
2789
2790
2791
2792
2793
2803
2804
2811
2814
2826
2867
2887
2890
2891
2895
2896
2918
2919
2923
2927
2945
2948
2993
2994
2995
3001
3002
3006
3007
3015
3028
3029
3031
3032
3046
3050
3051
3052
3054
3059
3060
3061
3062
3063
3064
3077
3088
3089
3090
3091
3092
3093
3094
3095
3096
3097
3098
3099
3100
3101
3102
3109
3113
3114
3115
3116
3118
3119
3120
3121
3122
3123
3124
3125
3126
3127
3128
3129
3130
3132
3133
3134
3136
3138
3139
3140
3141
3142
3143
3144
3145
3146
3147
3149
3150
3159
3168
3215
3219
3221
3226
3232
3242
3243
3244
3245
3246
3247
3249
3259
3271
3278
3298
3316
3320
3333
3338
3410
3436
3438
3441
3459
3500
3501
3503
3504
3507
3513
3519
3522
3523
3524
3525
3526
3527
3528
3529
3532
3533
3534
3535
3537
3538
3539
3540
3541
3542
3543
3544
3545
3546
3547
3548
3549
3557
3568
3580
3584
3620
3624
3646
3677
3686
3687
3705
3707
3738
3746
3768
3773
3788
3789
3790
3791
3861
3865
3878
3881
3883
3884
3885
3886
3887
3888
3895
3929
3933
3934
3952
3953
3954
3955
3956
3957
3958
3959
3977
3978
3979
3980
3981
3982
3983
3984
3988
3991
4008
4009
4010
4011
4012
4013
4014
4015
4030
4031
4032
4033
4095
4141
4143
4145
4146
4147
4148
4149
4150
4151
4152
4153
4154
4155
4156
4157
4158
4159
4161
4162
4163
4164
4165
4166
4167
4168
4169
4170
4171
4172
4173
4174
4175
4176
4177
4178
4179
4180
4181
4182
4183
4184
4185
4186
4187
4188
4189
4190
4192
4194
4195
4198
4199
4200
4201
4202
4203
4204
4205
4206
4207
4208
4209
4210
4211
4212
4214
4215
4216
4217
4218
4219
4220
4221
4223
4225
4226
4228
4230
4266
4267
4268
4269
4270
4271
4272
4273
4274
4275
4276
4277
4279
4280
4281
4282
4283
4284
4285
4286
4287
4288
4295
4418
4427
4431
4442
4451
4452
4475
4486
4501
4523
4524
4573
4578
4579
4620
4657
4664
4667
4670
4673
4679
4682
4685
4688
4691
4704
4728
4730
4747
4748
4749
4750
4754
4756
4760
4761
4762
4763
4764
4773
4774
4811
4812
4815
4839
4853
4855
4856
4857
4858
4868
4884
4885
4889
4899
4900
4901
4902
4912
4927
4934
4943
4950
4955
4956
4965
4966
4985
4996
4997
5014
5015
5041
5045
5049
5053
5090
5091
5126
5127
5129
5130
5131
5132
5139
5141
5142
5145
5147
5148
5149
5150
5151
5152
5153
5154
5155
5156
5158
5160
5163
5171
5172
5174
5222
5223
5226
5227
5228
5230
5231
5255
5264
5265
5294
5295
5296
5297
5298
5307
5308
5331
5353
5358
5365
5372
5380
5381
5400
5401
5402
5403
5406
5407
5408
5409
5410
5434
5436
5438
5449
5450
5453
5454
5515
5531
5545
5546
5548
5549
5550
5551
5552
5553
5554
5555
5556
5557
5558
5559
5560
5561
5564
5577
5607
5625
5632
5641
5644
5647
5648
5649
5650
5651
5652
5653
5654
5657
5658
5660
5661
5662
5666
5667
5670
5671
5672
5673
5674
5676
5677
5679
5680
5682
5683
5684
5685
5688
5696
5697
5698
5699
5700
5701
5702
5703
5704
5705
5706
5707
5708
5709
5710
5711
5712
5713
5714
5715
5716
5719
5720
5721
5722
5723
5724
5725
5726
5727
5728
5729
5730
5748
5821
5822
5828
5845
5857
5896
5916
5937
5949
5953
5954
5968
6036
6090
6132
6133
6174
6192
6207
6208
6209
6210
6213
6222
6243
6262
6273
6276
6277
6278
6279
6343
6437
6489
6490
6491
6492
6493
6494
6495
6496
6497
6498
6499
6500
6501
6516
6544
6589
6620
6621
6623
6638
6639
6644
6646
6648
6649
6650
6673
6674
6683
6698
6707
6708
6711
6724
6728
6730
6733
6734
6736
6777
6778
6779
6837
6850
6852
6896
6897
6899
6988
7007
7093
7170
7171
7187
7248
7275
7299
7347
7388
7425
7466
7467
7497
7548
7707
7868
7869
7872
7925
7953
7977
7986
7987
7988
7994
8195
8243
8388
8493
8502
8503
8504
8505
8506
8507
8543
8546
8547
8743
8744
8756
8757
8758
8759
8760
8761
8762
8763
8764
8765
8768
8769
8770
8771
8772
8773
8774
8775
8776
8777
8778
8779
8780
8781
8782
8783
8784
8785
8786
8787
8788
8789
8790
8791
8792
8793
8794
8795
8796
8797
8798
8799
8800
8801
8802
8804
8805
8806
8807
8808
8809
8810
8811
8812
8813
8814
8815
8816
8818
8819
8820
8821
8822
8823
8824
8825
8826
8828
8829
8830
8832
8833
8834
8835
8837
8841
8842
8843
8844
8847
8848
8849
8850
8851
8852
8853
8854
8855
8856
8857
8858
8859
8860
8861
8862
8863
8864
8865
8866
8867
8868
8869
8871
8872
8873
8874
8875
8876
8877
8878
8879
8880
8881
8882
8883
8884
8885
8886
8887
8888
8889
8890
8891
8892
8893
8894
8895
8896
8897
8898
8899
8900
8901
8902
8903
8904
8905
8906
8907
8909
8910
8911
8912
8913
8914
8915
8916
8917
8918
8919
8920
8921
8922
8929
8930
8931
8933
8934
8935
8936
8937
8938
8939
8940
8941
8942
8943
8944
8945
8947
8954
8955
8958
8960
8961
8962
8963
8964
8965
8966
8967
8968
8969
8971
8972
8974
8975
8976
8977
8978
8980
8981
8983
8986
8987
8988
8989
8990
8991
8992
8993
8994
8995
8996
8997
8998
8999
9000
9001
9002
9003
9004
9005
9006
9007
9008
9009
9010
9011
9012
9013
9014
9015
9016
9017
9018
9019
9020
9021
9022
9023
9024
9025
9026
9027
9028
9029
9031
9032
9033
9034
9035
9037
9039
9040
9041
9043
9044
9046
9047
9048
9049
9050
9051
9052
9053
9054
9055
9056
9057
9058
9059
9062
9063
9064
9065
9066
9067
9068
9069
9070
9071
9072
9073
9074
9075
9076
9077
9078
9079
9080
9081
9082
9083
9084
9085
9086
9087
9089
9090
9091
9093
9094
9095
9096
9097
9098
9099
9100
9101
9102
9103
9104
9105
9123
9124
9125
9126
9127
9128
9129
9130
9131
9132
9133
9134
9135
9136
9137
9138
9139
9140
9141
9142
9143
9145
9146
9147
9148
9150
9151
9152
9156
9157
9158
9159
9160
9161
9162
9164
9165
9166
9167
9168
9169
9170
9171
9174
9175
9176
9177
9178
9180
9181
9182
9183
9184
9185
9188
9190
9191
9192
9193
9194
9195
9198
9199
9200
9201
9202
9203
9204
9205
9207
9208
9209
9211
9212
9215
9216
9217
9218
9219
9221
9222
9223
9225
9226
9227
9228
9229
9230
9231
9464
9529
9532
9537
10010
10011
10020
10032
10038
10039
10303
10304
10313
10319
10322
10324
10478
10555
10579
10580
10585
10594
10596
10650
10651
10719
10723
11085
11099
11111
11115
11171
11198
11199
11200
11201
11228
11443
11473
11609
11613
11616
11663
11664
11666
11667
11670
11671
11672
11673
11676
11683
11903
12105
12143
12186
12187
12188
12189
12211
12244
12245
12258
12325
12326
12327
12369
12385
12440
12442
12443
12468
12469
12526
12585
12615
12616
12617
12729
12762
12763
12764
12769
12778
12779
12789
12795
12802
12805
12816
12817
12818
12826
12831
12832
12904
12961
12962
12971
12972
13149
13151
13152
13153
13154
13214
13223
13323
13324
13330
13342
13343
13460
13500
13543
13586
13642
13643
13644
13645
13646
13647
13648
13649
13650
13651
13652
13653
13654
13655
13656
13657
13658
13659
13660
13661
13662
13663
13664
13665
13666
13667
13668
13669
13670
13671
13672
13673
13674
13675
13676
13677
13678
13679
13680
13681
13682
13683
13684
13685
13686
13687
13688
13689
13690
13691
13692
13693
13694
13695
13696
13697
13710
13711
13712
13713
13714
13715
13716
13717
13726
13727
13728
13730
13731
13732
13733
13734
13736
13737
13738
13739
13740
13741
13742
13743
13744
13745
13746
13747
13748
13749
13762
13763
13764
13765
13766
13767
13768
13769
13770
13771
13772
13773
13775
13776
13777
13778
13779
13780
13781
13782
13783
13784
13785
13787
13788
13790
13791
13793
13794
13796
13797
13798
13801
13802
13803
13804
13805
13806
13807
13808
13809
13811
13842
13843
13844
13845
13846
13847
13848
13849
14083
14363
14382
14383
14384
14385
14386
14387
14388
14389
14390
14391
14392
14393
14394
14550
14597
14609
14691
14696
14883
14884
14885
14886
14887
14888
14889
14890
14891
14892
15141
15446
15586
15688
15780
15888
15889
16024
16025
16026
16027
16028
16029
16030
16031
16033
16034
16035
16036
16037
16038
16061
16062
16063
16064
16065
16066
16067
16068
16069
16070
16071
16073
16074
16075
16076
16077
16078
16079
16080
16081
16082
16085
16086
16102
16103
16104
16105
16106
16107
16108
16109
16116
16117
16118
16119
16120
16121
16122
16123
16124
16125
16126
16127
16129
16131
16132
16134
16135
16136
16137
16138
16139
16140
16141
16142
16143
16144
16145
16146
16147
16148
16149
16150
16151
16152
16153
16154
16155
16156
16157
16158
16159
16160
16161
16162
16163
16164
16172
16173
16174
16175
16176
16177
16178
16179
16180
16181
16182
16183
16184
16185
16186
16187
16188
16191
16211
16212
16213
16308
16338
16339
16343
16344
16664
16792
17000
17108
17115
17116
17122
17162
17163
17199
17342
17343
17347
17354
17409
17412
17731
17769
17783
17802
17824
17825
17826
17827
17828
17829
17830
17831
17832
17833
17834
17835
17836
17837
17838
17839
17840
17841
17842
17843
17844
17845
17846
17847
17848
17851
17852
17853
17854
17855
17856
17857
17858
17859
17860
17861
17862
17882
17883
17884
17885
17886
17887
17888
17889
17890
17891
17892
17893
17894
17895
17896
17897
17898
17899
17910
17911
17967
18023
18063
18105
18106
18153
18155
18156
18157
18158
18159
18161
18162
18163
18164
18165
18209
18235
18303
18304
18316
18320
18341
18342
18355
18438
18589
18593
18595
18599
18627
18630
18666
18667
18668
18669
18685
18747
18763
18764
18765
18768
18800
18801
18881
18882
18942
18950
18951
18963
18964
18965
18966
18967
18968
18971
18982
19065
19082
19122
19129
19158
19184
19185
19186
19187
19188
19189
19190
19191
19192
19193
19194
19195
19196
19197
19198
19199
19200
19201
19226
19286
19313
19314
19427
19428
19455
19456
19457
19482
19489
19490
19502
19503
19504
19622
19662
19742
19743
19804
19809
19810
19811
19837
19844
19847
19868
19926
19932
19966
19986
19989
20003
20005
20020
20024
20026
20084
20135
20136
20137
20138
20139
20140
20141
20142
20143
20144
20145
20146
20149
20221
20238
20239
20240
20241
20242
20245
20246
20247
20248
20249
20250
20251
20252
20267
20268
20269
20270
20271
20272
20273
20274
20275
20276
20277
20278
20279
20280
20281
20282
20283
20284
20285
20286
20287
20288
20289
20290
20291
20292
20297
20298
20299
20300
20301
20302
20303
20304
20305
20306
20307
20308
20309
20311
20312
20313
20314
20315
20316
20317
20318
20319
20320
20321
20322
20323
20324
20325
20326
20327
20328
20329
20330
20331
20332
20333
20334
20335
20336
20337
20338
20339
20340
20341
20342
20343
20344
20345
20346
20347
20348
20349
20350
20351
20352
20353
20354
20355
20356
20357
20358
20359
20360
20361
20362
20363
20364
20367
20368
20370
20372
20423
20445
20446
20460
20473
20485
20489
20502
20522
20524
20525
20583
20584
20585
20586
20587
20588
20589
20590
20591
20592
20593
20594
20595
20596
20597
20598
20609
20651
20737
20739
20740
20762
20773
20774
20775
20776
20777
20778
20779
20780
20781
20782
20783
20784
20785
20786
20787
20788
20789
20790
20791
20792
20793
20794
20795
20796
20798
20814
20819
20822
20825
20829
20834
20883
20887
20902
20903
20904
20908
20913
20936
20937
20946
20952
20953
20956
20962
20965
20972
20977
20979
20984
21026
21034
21035
21036
21043
21044
21045
21046
21047
21048
21049
21050
21051
21052
21053
21054
21055
21056
21057
21058
21059
21060
21061
21062
21063
21064
21065
21066
21067
21068
21069
21070
21073
21074
21075
21076
21077
21078
21079
21080
21081
21082
21083
21084
21085
21086
21087
21088
21089
21090
21091
21092
21093
21094
21095
21096
21097
21098
21101
21102
21124
21125
21127
21135
21141
21152
21159
21163
21168
21173
21193
21194
21195
21236
21238
21240
21246
21247
21274
21276
21313
21339
21369
21419
21420
21421
21422
21423
21424
21425
21426
21427
21428
21429
21430
21431
21432
21433
21434
21435
21437
21439
21440
21441
21442
21443
21444
21445
21446
21447
21448
21449
21450
21451
21516
21518
21560
21575
21577
21578
21584
21591
21594
21612
21613
21614
21628
21629
21630
21631
21632
21633
21634
21636
21637
21638
21641
21642
21643
21644
21646
21649
21653
21655
21656
21657
21658
21659
21660
21661
21662
21717
21719
21720
21736
21739
21772
21773
21780
21782
21785
21786
21793
21811
21857
21879
21880
21883
21923
21924
21930
21950
21951
21958
21959
21962
21963
21964
22020
22021
22022
22023
22024
22025
22026
22027
22028
22029
22030
22031
22032
22033
22034
22035
22036
22037
22038
22039
22040
22041
22042
22043
22045
22130
22151
22152
22230
22233
22258
22273
22316
22386
22387
22415
22474
22475
22485
22486
22546
22564
22569
22581
22582
22584
22585
22586
22587
22588
22619
22625
22626
22684
22685
22686
22687
22692
22694
22695
22696
22697
22698
22703
22704
22705
22765
22780
22781
22782
22805
22814
22817
22898
22899
22928
22929
22931
22933
22989
23026
23034
23058
23074
23076
23086
23157
23158
23159
23163
23164
23172
23175
23176
23193
23212
23213
23216
23222
23223
23224
23227
23229
23230
23231
23232
23236
23271
23330
23349
23350
23351
23357
23360
23362
23363
23365
23368
23374
23378
23388
23418
23420
23421
23422
23432
23433
23434
23443
23457
23463
23470
23471
23472
23567
23616
23647
23648
23649
23650
23651
23652
23653
23655
23656
23674
23684
23689
23696
23698
23699
23700
23701
23704
23710
23712
23715
23718
23719
23721
23722
23725
23727
23728
23740
23754
23770
23775
23794
23795
23796
23812
23813
23817
23820
23853
23861
23872
23882
23885
23895
23904
23905
23911
23912
23914
23916
23917
23918
23940
23941
23942
23943
23950
23951
23952
23953
23954
23955
23957
23958
23959
23960
23961
23962
23966
23967
23968
23969
23970
23971
23972
23973
23974
23975
23980
23982
23983
23990
23992
23993
24005
24010
24068
24071
24100
24115
24137
24147
24148
24149
24187
24191
24227
24228
24229
24265
24315
24329
24358
24369
24410
24420
24443
24491
24506
24509
24515
24518
24524
24525
24526
24527
24528
24529
24530
24531
24532
24533
24534
24535
24536
24537
24541
24548
24561
24562
24563
24564
24565
24566
24567
24568
24569
24570
24571
24572
25145
25159
25173
25285
25407
25493
25497
25546
25547
25551
25571
25572
25582
25596
25625
25626
25664
25665
25667
25747
25748
25749
25750
25752
25753
25793
25794
25795
25796
25797
25798
25799
25800
25801
25871
25877
25884
25888
26015
26029
26041
26046
26047
26056
26057
26058
26059
26060
26061
26062
26063
26064
26065
26066
26067
26068
26069
26070
26071
26072
26073
26074
26075
26076
26077
26078
26079
26080
26081
26082
26083
26084
26085
26086
26087
26088
26089
26090
26091
26092
26093
26094
26095
26096
26097
26098
26099
26100
26101
26102
26103
26104
26105
26106
26107
26108
26109
26110
26111
26112
26113
26114
26115
26116
26117
26118
26119
26120
26121
26122
26123
26124
26125
26126
26127
26136
26137
26138
26139
26140
26141
26142
26143
26144
26145
26146
26147
26148
26149
26150
26151
26152
26153
26154
26155
26156
26157
26158
26159
26160
26161
26162
26163
26164
26165
26166
26167
26168
26169
26170
26171
26172
26173
26174
26175
26176
26177
26178
26179
26180
26181
26182
26183
26184
26185
26186
26187
26188
26189
26190
26191
26192
26193
26194
26195
26196
26197
26198
26199
26200
26201
26202
26203
26204
26205
26206
26207
26208
26209
26210
26211
26212
26213
26214
26215
26216
26217
26218
26219
26220
26221
26222
26223
26224
26225
26226
26227
26228
26229
26230
26231
26232
26233
26234
26235
26236
26237
26238
26239
26240
26241
26242
26243
26244
26245
26246
26247
26248
26249
26250
26251
26252
26253
26254
26255
26256
26257
26258
26259
26260
26261
26262
26263
26264
26265
26266
26267
26268
26269
26270
26271
26272
26273
26274
26275
26276
26277
26278
26279
26280
26281
26282
26283
26284
26285
26286
26287
26288
26289
26290
26291
26292
26293
26294
26295
26296
26297
26298
26299
26300
26301
26302
26303
26304
26305
26306
26307
26308
26309
26310
26311
26312
26313
26314
26315
26316
26317
26318
26319
26320
26321
26322
26323
26324
26325
26326
26327
26328
26329
26330
26331
26332
26333
26334
26335
26336
26337
26338
26339
26340
26341
26342
26343
26344
26345
26346
26347
26348
26349
26350
26351
26352
26353
26354
26355
26356
26357
26358
26359
26360
26361
26362
26363
26364
26365
26366
26367
26368
26369
26370
26371
26372
26373
26374
26375
26376
26377
26378
26379
26380
26381
26382
26383
26384
26385
26386
26387
26388
26389
26390
26391
26392
26393
26394
26395
26396
26397
26398
26399
26400
26401
26402
26403
26404
26405
26406
26407
26408
26409
26410
26411
26412
26413
26414
26415
26416
26417
26418
26419
26420
26421
26422
26423
26424
26425
26426
26427
26428
26429
26430
26431
26432
26433
26434
26435
26436
26437
26438
26439
26440
26441
26442
26443
26444
26445
26446
26447
26448
26449
26450
26451
26452
26453
26454
26455
26456
26457
26458
26459
26460
26461
26462
26463
26464
26465
26466
26467
26468
26469
26470
26471
26472
26473
26474
26475
26476
26477
26478
26479
26480
26481
26482
26483
26484
26485
26486
26487
26488
26489
26490
26491
26492
26493
26494
26495
26496
26497
26498
26499
26500
26501
26502
26503
26504
26505
26506
26507
26508
26509
26510
26511
26512
26514
26515
26516
26517
26518
26519
26520
26521
26522
26523
26524
26525
26526
26528
26529
26530
26531
26532
26533
26534
26535
26536
26537
26538
26539
26540
26542
26543
26544
26545
26546
26547
26548
26549
26550
26551
26552
26553
26554
26555
26556
26557
26558
26559
26560
26561
26562
26563
26564
26565
26566
26567
26568
26570
26571
26572
26573
26574
26575
26576
26577
26578
26579
26580
26581
26582
26583
26584
26585
26586
26587
26588
26589
26590
26591
26592
26593
26594
26595
26596
26597
26598
26599
26600
26601
26602
26603
26604
26605
26606
26607
26608
26609
26610
26611
26612
26613
26614
26615
26616
26617
26618
26619
26620
26621
26622
26623
26624
26625
26626
26627
26628
26629
26630
26631
26632
26633
26634
26635
26636
26637
26638
26639
26640
26641
26642
26643
26644
26645
26646
26647
26648
26649
26650
26651
26652
26653
26654
26655
26656
26657
26658
26659
26660
26661
26662
26663
26664
26665
26666
26667
26668
26669
26670
26671
26672
26673
26674
26675
26676
26677
26678
26679
26680
26681
26682
26683
26684
26685
26686
26687
26688
26689
26690
26691
26692
26693
26694
26695
26696
26697
26698
26699
26700
26701
26702
26703
26704
26705
26706
26707
26708
26709
26710
26711
26712
26713
26714
26715
26716
26717
26718
26719
26720
26721
26722
26723
26724
26725
26726
26727
26728
26729
26730
26731
26732
26733
26734
26735
26736
26737
26738
26739
26740
26741
26742
26743
26744
26745
26746
26747
26748
26749
26750
26751
26752
26753
26754
26755
26756
26757
26758
26759
26760
26761
26762
26763
26764
26766
26767
26768
26769
26770
26771
26772
26773
26774
26775
26776
26777
26778
26780
26781
26782
26783
26784
26785
26786
26787
26788
26789
26790
26791
26792
26793
26794
26795
26796
26797
26798
26799
26800
26801
26802
26803
26804
26805
26806
26807
26808
26809
26810
26811
26812
26813
26814
26815
26816
26817
26818
26819
26820
26821
26822
26823
26824
26825
26826
26827
26828
26829
26830
26831
26832
26833
26834
26835
26836
26837
26838
26839
26840
26841
26842
26843
26844
26845
26846
26847
26848
26849
26850
26851
26852
26853
26854
26855
26856
26857
26858
26859
26860
26861
26862
26863
26864
26865
26866
26867
26868
26869
26870
26871
26872
26873
26874
26875
26876
26877
26878
26879
26880
26881
26882
26883
26884
26885
26886
26887
26888
26889
26890
26891
26892
26893
26894
26895
26896
26897
26898
26899
26900
26901
26902
26903
26904
26905
26906
26907
26908
26909
26910
26911
26912
26913
26914
26915
26916
26917
26918
26919
26920
26921
26922
26923
26924
26925
26926
26927
26928
26929
26930
26931
26932
26933
26934
26935
26936
26937
26938
26939
26940
26941
26942
26943
26944
26945
26946
26947
26948
26949
26950
26951
26952
26953
26954
26955
26956
26957
26958
26959
26960
26961
26962
26963
26964
26965
26966
26967
26968
26969
26970
26971
26972
26973
26974
26975
26976
26977
26978
26979
26980
26981
26982
26983
26984
26985
26986
26987
26988
26989
26990
26991
26992
26993
26994
26995
26996
26997
26998
26999
27000
27001
27002
27003
27004
27005
27006
27007
27008
27009
27010
27011
27012
27013
27014
27015
27016
27017
27018
27019
27020
27021
27022
27023
27024
27025
27026
27027
27028
27029
27030
27031
27032
27033
27034
27035
27036
27037
27038
27039
27040
27041
27042
27043
27044
27045
27046
27047
27048
27049
27050
27051
27052
27053
27054
27055
27056
27057
27058
27059
27060
27061
27062
27063
27064
27065
27066
27067
27068
27069
27070
27071
27072
27073
27074
27075
27076
27077
27078
27079
27080
27081
27082
27083
27084
27085
27086
27087
27088
27089
27090
27091
27092
27093
27094
27095
27096
27097
27098
27099
27100
27101
27102
27103
27104
27105
27106
27107
27108
27109
27110
27111
27112
27113
27114
27115
27116
27117
27118
27119
27120
27121
27122
27123
27124
27125
27126
27127
27128
27129
27130
27131
27132
27133
27134
27135
27136
27137
27138
27139
27140
27141
27142
27143
27144
27145
27146
27147
27148
27149
27150
27151
27152
27153
27154
27155
27156
27157
27158
27159
27160
27161
27162
27163
27164
27165
27166
27167
27168
27169
27170
27171
27172
27173
27174
27175
27176
27177
27178
27179
27180
27181
27182
27183
27184
27185
27186
27187
27188
27189
27190
27191
27192
27193
27194
27195
27196
27197
27198
27199
27200
27201
27202
27203
27204
27205
27206
27207
27208
27209
27210
27211
27212
27213
27214
27215
27216
27217
27218
27219
27220
27221
27222
27223
27224
27225
27226
27227
27228
27229
27230
27231
27232
27233
27234
27235
27236
27237
27238
27239
27240
27241
27242
27243
27244
27245
27246
27247
27248
27249
27250
27251
27252
27253
27254
27255
27256
27257
27258
27259
27260
27261
27262
27263
27264
27265
27266
27267
27268
27269
27270
27271
27272
27273
27274
27275
27276
27277
27278
27279
27280
27281
27282
27283
27284
27285
27286
27287
27288
27289
27290
27291
27292
27293
27294
27295
27296
27297
27298
27299
27300
27301
27302
27303
27304
27305
27306
27307
27308
27309
27310
27311
27312
27313
27314
27315
27316
27318
27319
27320
27321
27322
27323
27324
27325
27326
27327
27328
27329
27330
27331
27332
27333
27334
27335
27336
27337
27338
27339
27340
27341
27342
27343
27344
27345
27346
27347
27348
27349
27350
27351
27352
27353
27354
27355
27356
27357
27358
27359
27360
27361
27362
27363
27364
27365
27366
27367
27368
27369
27370
27371
27372
27373
27374
27375
27376
27377
27378
27379
27380
27381
27382
27383
27384
27385
27386
27387
27391
27392
27393
27394
27395
27396
27397
27419
27421
27444
27486
27530
27554
27555
27556
27557
27558
27559
27560
27561
27562
27563
27564
27565
27566
27567
27568
27569
27570
27571
27572
27573
27574
27575
27576
27577
27578
27579
27580
27581
27582
27583
27584
27585
27586
27587
27588
27589
27590
27591
27592
27593
27594
27595
27596
27597
27598
27599
27600
27601
27602
27603
27604
27605
27606
27607
27608
27609
27610
27611
27612
27613
27614
27615
27616
27617
27618
27619
27620
27621
27622
27623
27624
27625
27626
27627
27628
27629
27630
27819
27853
27863
27894
27950
27951
27952
27953
27954
27955
27956
27957
27958
27959
27960
27961
27962
27963
27964
27965
27966
27967
27968
27969
27970
27971
27972
27973
27974
27975
27997
27998
27999
28000
28001
28002
28003
28004
28005
28006
28007
28008
28009
28010
28011
28012
28013
28014
28015
28016
28017
28018
28019
28020
28021
28022
28025
28049
28076
28077
28078
28079
28080
28081
28082
28083
28084
28085
28086
28088
28089
28090
28091
28092
28093
28094
28095
28096
28097
28098
28113
28114
28135
28145
28165
28261
28289
28366
28471
28482
28546
28549
28676
28798
28816
29025
29041
29052
29120
29188
29208
29210
29225
29237
29293
29402
29427
29551
29552
29557
29558
29565
29566
29585
29802
29823
29824
29825
29826
29827
29828
29829
29830
29831
29832
29833
29834
29835
29836
29837
29838
29839
29840
29841
29842
29843
29844
29845
29846
29847
29848
29849
29850
29851
29852
29853
29854
29855
29856
29857
29858
29859
29860
29861
29862
29863
29864
29865
29866
29867
29868
29869
29870
29871
29872
29873
29874
29875
29876
29877
29878
29879
29880
29881
29882
29883
29884
29885
29886
29887
29888
29889
29890
29891
29892
29893
29894
29895
29896
29897
29898
29899
29907
30176
30191
30193
30195
30197
30198
30199
30287
30288
30289
30292
30325
30347
30385
30459
30460
30461
30464
30465
30469
30470
30471
30472
30473
30474
30491
30526
30528
30545
30595
30711
30718
30760
30793
30796
30806
30877
30920
30921
30934
30935
30949
30954
30963
30965
31087
31167
31253
31257
31259
31265
31266
31267
31389
31469
31496
31498
31500
31502
31503
31505
31506
31507
31575
31665
31667
31767
31842
31843
31844
31845
31846
31847
31848
31849
31850
31851
31930
31931
31932
31933
31934
31947
31948
31954
32075
32091
32093
32094
32095
32096
32097
32098
32099
32100
32101
32102
32103
32104
32105
32106
32107
32108
32109
32110
32111
32112
32113
32114
32115
32116
32117
32118
32119
32120
32121
32122
32123
32124
32125
32126
32127
32128
32129
32130
32131
32132
32133
32134
32135
32136
32137
32138
32139
32140
32141
32142
32143
32144
32145
32146
32147
32148
32149
32150
32151
32152
32153
32154
32155
32156
32157
32158
32159
32160
32161
32162
32163
32164
32165
32166
32167
32168
32169
32170
32171
32172
32173
32174
32175
32176
32177
32178
32179
32180
32181
32182
32183
32184
32185
32186
32187
32188
32189
32190
32191
32192
32372
32407
32414
32415
32416
32417
32418
32419
32421
32422
32424
32426
32457
32465
32466
32482
32498
32543
32545
32546
32547
32548
32549
32550
32551
32552
32553
32554
32555
32556
32557
32558
32559
32560
32561
32594
32595
32618
32642
32761
32762
32763
32764
32765
32766
32767
32775
32824
32908
32913
32914
32916
32921
32949
32950
32951
32952
32954
32955
32956
32957
32958
32959
32965
32966
32967
32970
32972
32973
32974
32975
32976
32977
32978
32982
32983
32984
32985
32986
32987
32991
32992
32993
32994
32995
32996
33001
33003
33004
33005
33022
33027
33046
33062
33063
33073
33074
33075
33097
33104
33118
33193
33194
33195
33196
33197
33198
33199
33200
33201
33217
33288
33302
33315
33442
33482
33542
33543
33570
33572
33573
33574
33600
33601
33602
33603
33623
33624
33625
33626
33633
33772
33775
33776
33777
33785
33786
33787
33788
33807
33957
33958
33959
33964
33986
33987
33988
33989
33994
33995
33996
33997
33998
34000
34001
34002
34003
34004
34005
34006
34007
34036
34037
34038
34039
34044
34046
34047
34048
34071
34094
34095
34107
34150
34151
34152
34153
34154
34155
34156
34158
34159
34161
34250
34251
34252
34415
34465
34466
34467
34481
34494
34496
34498
34503
34518
34519
34534
34550
34551
34626
34627
34646
34712
34776
34805
34835
35485
35499
35517
35518
35519
35520
35521
35522
35523
35524
35525
35526
35527
35528
35529
35530
35531
35532
35533
35534
35535
35536
35537
35538
35539
35540
35541
35542
35544
35545
35546
35548
35549
35550
35551
35552
35553
35554
35555
35556
35674
35710
35713
35721
35722
35732
35874
36876
36877
37298
37311
37312
37313
37460
37567
37596
37598
37604
37605
37606
37736
37737
37739
37740
37827
37892
37893
37894
37895
37896
37897
37898
37899
37900
37901
37902
37903
37904
37905
37906
37907
37908
37909
38579
39149
